Ap = [0.9801 0.0993; -0.3973 0.9801];
Bp = [0.0993; -0.0199];
Cp = [0 1];
Dp = 0;

Nc = 3;